0 0.9287743646677301 0.9207243127734278 0.8982888229329861 0.9191302991133385 0.8955186217053159 0.9721104505726703 0.9260041634400599 0.9737044642327597
1 0.3156250000000001 0.8734375 0.2718750000000001 0.8734375 0.2718750000000001 0.95625 0.3156250000000001 0.95625
1 0.3625000000000001 0.8734375 0.3187500000000001 0.8734375 0.3187500000000001 0.9546875 0.3625000000000001 0.9546875
1 0.4078125000000002 0.871875 0.36406250000000007 0.871875 0.36406250000000007 0.9546875 0.4078125000000002 0.9546875
1 0.5000000000000002 0.8734375 0.45625000000000016 0.8734375 0.45625000000000016 0.95625 0.5000000000000002 0.95625
1 0.4546875000000002 0.8734375 0.4109375000000002 0.8734375 0.4109375000000002 0.95625 0.4546875000000002 0.95625
1 0.6375000000000002 0.8734375 0.5937500000000002 0.8734375 0.5937500000000002 0.9546875 0.6375000000000002 0.9546875
1 0.5921875000000002 0.8734375 0.5484375000000001 0.8734375 0.5484375000000001 0.9546875 0.5921875000000002 0.9546875
1 0.5453125000000002 0.8734375 0.5015625000000001 0.8734375 0.5015625000000001 0.95625 0.5453125000000002 0.95625
1 0.7312500000000002 0.8734375 0.6875000000000002 0.8734375 0.6875000000000002 0.9546875 0.7312500000000002 0.9546875
1 0.6843750000000002 0.8734375 0.6406250000000002 0.8734375 0.6406250000000002 0.9546875 0.6843750000000002 0.9546875