0 0.928125 0.91875 0.896875 0.91875 0.896875 0.9765625 0.928125 0.9765625
0 0.928125 0.02968750000000011 0.8953125 0.02968750000000011 0.8953125 0.08437500000000012 0.928125 0.08437500000000012
0 0.928125 0.91875 0.8953125 0.91875 0.8953125 0.971875 0.928125 0.971875
1 0.3156250000000001 0.8734375 0.2718750000000001 0.8734375 0.2718750000000001 0.9546875 0.3156250000000001 0.9546875
1 0.4546875000000002 0.8734375 0.40937500000000016 0.8734375 0.40937500000000016 0.9546875 0.4546875000000002 0.9546875
1 0.4078125000000002 0.8734375 0.36406250000000007 0.8734375 0.36406250000000007 0.9546875 0.4078125000000002 0.9546875
1 0.3625000000000001 0.8734375 0.31718750000000007 0.8734375 0.31718750000000007 0.9546875 0.3625000000000001 0.9546875
1 0.5921875000000002 0.8734375 0.5468750000000002 0.8734375 0.5468750000000002 0.9546875 0.5921875000000002 0.9546875
1 0.5453125000000002 0.8734375 0.5015625000000001 0.8734375 0.5015625000000001 0.9546875 0.5453125000000002 0.9546875
1 0.5000000000000002 0.8734375 0.4546875000000002 0.8734375 0.4546875000000002 0.9546875 0.5000000000000002 0.9546875
1 0.7296875000000002 0.8734375 0.6859375000000002 0.8734375 0.6859375000000002 0.9546875 0.7296875000000002 0.9546875
1 0.6843750000000002 0.8734375 0.6390625000000002 0.8734375 0.6390625000000002 0.9546875 0.6843750000000002 0.9546875
1 0.6375000000000002 0.8734375 0.5937500000000002 0.8734375 0.5937500000000002 0.9546875 0.6375000000000002 0.9546875